 Al Density=2.699
 Energy(eV), Delta, Beta
  30.  0.107041024  0.00801586732
  30.1696186  0.105587825  0.00797828007
  30.3402004  0.104153022  0.0079408763
  30.5117435  0.102736421  0.00790364761
  30.6842594  0.101338483  0.00786659587
  30.8577499  0.0999580473  0.00782972109
  31.032217  0.0985953659  0.0077930172
  31.207674  0.0972506478  0.00775648607
  31.3841228  0.095922552  0.00772011559
  31.5615711  0.0946117342  0.00768391322
  31.7400208  0.0933182687  0.00764787942
  31.9194775  0.092043221  0.00761203142
  32.0999527  0.0907850638  0.00757635431
  32.2814484  0.0895438194  0.00754041318
  32.4639664  0.0883211643  0.00750129204
  32.6475182  0.0871146396  0.00746237254
  32.8321075  0.0859225988  0.00741947442
  33.0177422  0.0847423226  0.00736542372
  33.2044258  0.0835777074  0.00731176557
  33.3921661  0.0824234784  0.00725849112
  33.5809631  0.081277743  0.00720559619
  33.7708321  0.0801473111  0.00715308357
  33.9617729  0.0790274218  0.00710096257
  34.1537933  0.0779192373  0.00704922713
  34.3468971  0.0768259615  0.00699786888
  34.5410995  0.0757422149  0.00694687851
  34.736393  0.074671261  0.00689625926
  34.9327927  0.0736147836  0.00684600975
  35.1303024  0.0725663528  0.00679612998
  35.3289299  0.0715313479  0.00674661389
  35.5286827  0.0705101565  0.00669745728
  35.7295647  0.0694961473  0.00664865179
  35.9315758  0.0684960485  0.00660020253
  36.1347351  0.0675082579  0.0065521067
  36.3390427  0.0665283874  0.0065043699
  36.5445023  0.0655620173  0.00645698095
  36.7511292  0.0646064281  0.00640993612
  36.9589195  0.0636593699  0.00636323774
  37.1678848  0.0627254397  0.00631688023
  37.3780365  0.0618008561  0.00627085567
  37.5893707  0.0608856194  0.00622516777
  37.8019028  0.0599831268  0.00617981004
  38.0156364  0.0590884872  0.00613477919
  38.2305756  0.0582039244  0.00609007431
  38.4467316  0.0573317558  0.00604569539
  38.6641121  0.0564658716  0.00600164011
  38.8827171  0.0556108169  0.00595790613
  39.102562  0.0547678284  0.0059144902
  39.3236465  0.0539298281  0.00587139698
  39.5459862  0.0531034581  0.00582861714
  39.769577  0.0522881672  0.0057861493
  39.9944382  0.0514792725  0.00574399391
  40.2205696  0.0506819487  0.00570214493
  40.4479713  0.0498945601  0.00566008128
  40.6766701  0.0491144098  0.00561694009
  40.9066544  0.0483454987  0.00557413092
  41.1379395  0.0475835875  0.00552824838
  41.3705368  0.0468272381  0.00547820143
  41.6044502  0.0460818633  0.00542860664
  41.8396797  0.0453397408  0.00537945982
  42.0762405  0.0446030349  0.00533075398
  42.3141441  0.0438771136  0.00528248958
  42.5533867  0.0431539118  0.00523466477
  42.7939835  0.0424385332  0.00518727256
  43.0359421  0.0417337716  0.00514030922
  43.2792702  0.0410300642  0.00509377196
  43.5239716  0.0403357297  0.0050476566
  43.7700577  0.0396513566  0.00500195846
  44.0175323  0.0389673226  0.00495667476
  44.266407  0.0382936522  0.00491180038
  44.5166893  0.0376281179  0.00486733299
  44.7683907  0.0369643793  0.00482326839
  45.0215111  0.036310792  0.00477960333
  45.276062  0.0356637277  0.00473633083
  45.5320587  0.0350202173  0.00469344389
  45.7894974  0.0343866609  0.00465094531
  46.0483894  0.0337578543  0.00460883742
  46.3087502  0.0331339091  0.00456711324
  46.5705795  0.0325197205  0.00452576717
  46.833889  0.0319160894  0.00448479457
  47.0986938  0.0313223638  0.0044441917
  47.3649902  0.0307379551  0.0044039567
  47.6327934  0.0301545952  0.00434500258
  47.9021072  0.0295786317  0.00428254856
  48.1729469  0.0290117785  0.00422099
  48.4453201  0.0284243636  0.00415061321
  48.7192307  0.0278455112  0.00408109697
  48.9946899  0.0272732172  0.00401274487
  49.2717056  0.0266900547  0.00394553598
  49.5502892  0.0261165351  0.00387945329
  49.8304482  0.0255466308  0.00381447864
  50.1121902  0.0249709971  0.00375059759
  50.3955231  0.0244050529  0.00368778594
  50.6804619  0.0238395631  0.00362602342
  50.9670105  0.0232717935  0.00356529234
  51.2551804  0.0227137581  0.0035055785
  51.5449753  0.0221525561  0.0034468635
  51.8364143  0.0215921234  0.00338912965
  52.1294975  0.0210414771  0.00333236367
  52.4242401  0.0204831325  0.00327655091
  52.7206459  0.019928636  0.00322167482
  53.0187302  0.0193839837  0.00316771702
  53.3185005  0.0188274924  0.00311869732
  53.6199646  0.0182785038  0.00307091069
  53.9231339  0.0177384354  0.00302399206
  54.2280159  0.0171878729  0.00298047927
  54.5346184  0.0166474301  0.00293759326
  54.8429642  0.0161123816  0.00289532356
  55.1530457  0.0155693404  0.00285366573
  55.4648819  0.0150364516  0.00281260698
  55.7784805  0.0145041561  0.00277213776
  56.093853  0.0139650824  0.00273224874
  56.4110107  0.0134362718  0.00269293343
  56.7299576  0.0129029574  0.00265418622
  57.0507126  0.0123660453  0.00261599896
  57.3732758  0.0118395537  0.00257836143
  57.6976662  0.0113023566  0.00254126079
  58.0238914  0.0107652433  0.00250469265
  58.3519592  0.0102387564  0.00246865116
  58.6818848  0.00969166774  0.00243313052
  59.0136681  0.00914875511  0.00239812303
  59.3473358  0.00861679483  0.002363618
  59.682888  0.0080579482  0.00233597844
  60.0203362  0.00750951376  0.00230883784
  60.3596878  0.00696751056  0.00228233216
  60.7009659  0.00640339497  0.00225830404
  61.0441742  0.00585105317  0.00223452877
  61.3893127  0.00529708108  0.00221100496
  61.736412  0.00472136866  0.00218772842
  62.0854721  0.00415790174  0.00216469751
  62.4365044  0.00357786007  0.00214190781
  62.7895203  0.00297362101  0.00211935607
  63.1445351  0.00238248217  0.00209704204
  63.5015564  0.00176671846  0.0020884804
  63.8605919  0.00113865442  0.0020893747
  64.2216644  0.000524452713  0.00209026854
  64.5847778 -0.00012013004  0.00209256983
  64.9499435 -0.000765311299  0.00209535868
  65.3171692 -0.00139600888  0.00209815125
  65.68647 -0.00209266017  0.00210094615
  66.057869 -0.00278250175  0.00210374384
  66.4313583 -0.00346275931  0.00210654642
  66.8069611 -0.00423764158  0.00210935762
  67.1846848 -0.00499464385  0.00211217068
  67.5645523 -0.00576857291  0.00211445265
  67.9465637 -0.00665508909  0.00211467664
  68.3307343 -0.00752099883  0.00211490062
  68.7170792 -0.00845983438  0.00211500493
  69.1056061 -0.00954002701  0.00211489783
  69.4963303 -0.0105949324  0.00211479096
  69.8892593 -0.0118663572  0.00211468572
  70.2844162 -0.0133328792  0.00211458211
  70.6818085 -0.0147650214  0.00211447827
  71.0814514 -0.0170250032  0.00211437279
  71.483345 -0.0196536984  0.00211426755
  71.8875122 -0.0222213026  0.00211416208
  72.2939682 -0.0303318296  0.00211405428
  72.702713 -0.0373166837  0.00735748839
  73.1137772 -0.0280575175  0.0240811817
  73.5271683 -0.0248743277  0.0242802277
  73.9428864 -0.0219598357  0.0244808793
  74.3609619 -0.0193309858  0.024683224
  74.7814026 -0.0182143133  0.0248872098
  75.2042236 -0.0171201732  0.0250929203
  75.629425 -0.0161575563  0.0253002588
  76.0570374 -0.0154838469  0.0255093444
  76.4870682 -0.0148232151  0.0257201567
  76.9195251 -0.0142428223  0.0259327497
  77.3544312 -0.0137583483  0.0261471402
  77.7917938 -0.0132829491  0.026363302
  78.2316284 -0.0128566148  0.0265812278
  78.6739502 -0.0124652535  0.0268009342
  79.118782 -0.0120810494  0.0270224493
  79.5661163 -0.0117128463  0.0272458009
  80.0159836 -0.0113543551  0.0274709985
  80.4683914 -0.0110024298  0.0276980512
  80.9233704 -0.0106577119  0.0278978366
  81.3809128 -0.010319422  0.0280959103
  81.8410339 -0.0099878097  0.0282952916
  82.303772 -0.00966936257  0.0284943134
  82.7691116 -0.00935682189  0.0286947042
  83.2370911 -0.00904431194  0.0288965311
  83.7077179 -0.00871643145  0.0290997624
  84.1809998 -0.00839476753  0.0293044224
  84.6569672 -0.0080397157  0.0295105297
  85.1356201 -0.0076237428  0.0297181066
  85.6169739 -0.00721608941  0.0299271476
  86.101059 -0.0067752446  0.0300706755
  86.5878754 -0.00630558748  0.0301528536
  87.077446 -0.00584561005  0.0302352533
  87.5697861 -0.00543075707  0.0302172676
  88.0649033 -0.00504150847  0.0301507488
  88.5628204 -0.00466030696  0.030084379
  89.0635605 -0.00433971873  0.0300181452
  89.5671234 -0.00403654762  0.0299520567
  90.0735397 -0.00373962964  0.0298861172
  90.5828171 -0.00347107043  0.0298203137
  91.0949783 -0.00320845679  0.0297546536
  91.6100235 -0.00295281969  0.0296891257
  92.1279907 -0.00271189562  0.0296237599
  92.6488876 -0.00247598579  0.0295585617
  93.1727219 -0.0022465582  0.0294934623
  93.6995316 -0.00202554232  0.0294285361
  94.2293091 -0.00180923415  0.0293637179
  94.7620773 -0.00159782369  0.0292990673
  95.2978668 -0.00139131863  0.0292345509
  95.8366852 -0.00118924351  0.029170176
  96.3785477 -0.00099027995  0.0291059427
  96.9234772 -0.000794804946  0.0290418435
  97.4714813 -0.000603589229  0.0289778877
  98.0225906 -0.00041267919  0.0289140865
  98.5768127 -0.000224717864  0.0288504362
  99.1341629 -4.09198583E-05  0.0287869312
  99.6946716  0.000145762402  0.028723551
  100.258347  0.000328965369  0.0286603048
  100.825211  0.00050882122  0.0285972003
  101.395279  0.00069626706  0.0285342745
  101.968567  0.000879445404  0.0284714904
  102.545097  0.00106283184  0.0284068491
  103.124893  0.00125775195  0.0283351541
  103.707962  0.00144815003  0.0282636229
  104.294327  0.00163613318  0.0281839892
  104.884018  0.00182307977  0.028090477
  105.477036  0.00200562831  0.0279972777
  106.073395  0.00218086247  0.0279043484
  106.673141  0.00234923465  0.0278116744
  107.276276  0.00251355697  0.0277193151
  107.88282  0.00267877965  0.0276273005
  108.49279  0.00284226984  0.0275356285
  109.106209  0.00300175673  0.0274442546
  109.723099  0.00316428882  0.0273532066
  110.343475  0.0033241827  0.0272624623
  110.967354  0.00348009332  0.027172029
  111.594772  0.0036425821  0.027081823
  112.225731  0.00380111788  0.0269919205
  112.860252  0.00395744899  0.026902318
  113.498367  0.00412061159  0.0268130135
  114.140099  0.00427961582  0.026724007
  114.785446  0.00443913089  0.0266352799
  115.434441  0.0046053105  0.0265467912
  116.087112  0.0047672228  0.0264586136
  116.743469  0.00493342895  0.026370788
  117.403542  0.00510560814  0.0262833126
  118.067345  0.00527330628  0.0261961315
  118.734901  0.00545130577  0.0261091925
  119.406227  0.00563417003  0.0260225181
  120.081352  0.00581224728  0.0259361304
  120.7603  0.00601167837  0.0258500222
  121.443069  0.00621411344  0.0257642083
  122.129715  0.00641125115  0.0256786738
  122.820236  0.00666811829  0.0255934596
  123.514664  0.00692457845  0.0255085342
  124.213028  0.00717767561  0.0254139304
  124.915321  0.0074685826  0.0251823273
  125.621613  0.00775205949  0.0249528214
  126.331871  0.00801310409  0.0247166026
  127.046158  0.00821436476  0.0244517568
  127.764473  0.00841010641  0.0241897497
  128.486847  0.0085858535  0.0239305403
  129.213318  0.00873271003  0.0236741044
  129.943893  0.00887519307  0.0234204102
  130.678604  0.00900594331  0.023169443
  131.417465  0.00912610814  0.0229211804
  132.160507  0.00924244523  0.022675572
  132.907745  0.00934855454  0.0224325936
  133.65921  0.00944815017  0.0221922174
  134.414917  0.0095443381  0.0219544228
  135.174911  0.0096318787  0.0217191596
  135.939194  0.00971524324  0.0214864183
  136.707794  0.00979552511  0.0212561749
  137.480743  0.00986878853  0.0210284069
  138.258057  0.00993914623  0.020803079
  139.039764  0.0100063346  0.0205801688
  139.825897  0.0100687454  0.0203596409
  140.616486  0.010128499  0.0201414805
  141.41153  0.0101853646  0.0199256539
  142.211075  0.0102390284  0.0197121371
  143.015137  0.0102902101  0.0195009131
  143.823746  0.0103392564  0.0192919448
  144.636932  0.0103862965  0.019085221
  145.454712  0.0104309814  0.0188807081
  146.27713  0.0104752621  0.0186783914
  147.104172  0.0105184186  0.0184782539
  147.935898  0.0105593018  0.0182802603
  148.772339  0.0106044421  0.0180843733
  149.613495  0.0106492443  0.0178905893
  150.459412  0.0106917089  0.0176988766
  151.31012  0.0107344314  0.0174864568
  152.165619  0.0107750837  0.0172745474
  153.02597  0.0108125815  0.0170651525
  153.89119  0.0108365072  0.0168576464
  154.761292  0.0108585376  0.0166526586
  155.636322  0.010877898  0.016450163
  156.516281  0.0108926967  0.0162501298
  157.401245  0.0109057911  0.0160525236
  158.291183  0.0109166438  0.0158573221
  159.186157  0.0109249298  0.0156644937
  160.086212  0.0109316753  0.0154740019
  160.991333  0.0109367324  0.0152858384
  161.901581  0.0109401848  0.0150999576
  162.816986  0.0109421834  0.014916339
  163.737549  0.0109433476  0.0147349564
  164.66333  0.010943369  0.0145557811
  165.59433  0.0109420149  0.0143787889
  166.530609  0.0109411972  0.0142039368
  167.472183  0.0109393708  0.0140312072
  168.419067  0.0109362127  0.0138605861
  169.371307  0.0109354798  0.01369204
  170.328949  0.0109333964  0.0135255447
  171.291992  0.0109309703  0.0133610722
  172.260468  0.0109326793  0.0131986095
  173.234436  0.0109329754  0.0130381184
  174.213913  0.0109360376  0.0128795747
  175.198914  0.0109470244  0.0127229532
  176.189499  0.0109563889  0.0125682354
  177.185684  0.0109760091  0.0124047864
  178.187485  0.0110075632  0.0122311739
  179.194962  0.0110370405  0.0120599885
  180.208145  0.0110571347  0.0118607804
  181.227036  0.0110707916  0.0116460612
  182.251694  0.0110827619  0.0114352219
  183.28215  0.011065417  0.0112281777
  184.318436  0.0110387728  0.0110248756
  185.36058  0.011011336  0.0108252531
  186.4086  0.01097445  0.010629273
  187.46257  0.0109362798  0.0104368441
  188.522491  0.0108969621  0.0102478964
  189.588394  0.0108496156  0.0100623397
  190.660324  0.0108019589  0.00988014508
  191.738327  0.0107525205  0.00970125291
  192.822418  0.0106979357  0.00952562969
  193.912643  0.0106432233  0.009353186
  195.009033  0.0105864434  0.009183852
  196.111618  0.01052651  0.00901757274
  197.220444  0.0104665887  0.00885430165
  198.335526  0.0104045123  0.00869398285
  199.456909  0.0103406655  0.00853656884
  200.584656  0.0102769444  0.00838199724
  201.718765  0.0102107013  0.00822924264
  202.859283  0.0101434914  0.00807884615
  204.006256  0.0100765042  0.00793119706
  205.159714  0.0100061763  0.00778625486
  206.319702  0.00993552152  0.00764396228
  207.486221  0.00986519177  0.00750427227
  208.659348  0.00979182404  0.00736710895
  209.839127  0.00971885957  0.00723245088
  211.025558  0.00964579266  0.00710025802
  212.218689  0.00957042165  0.00697050523
  213.418594  0.00949552376  0.00684312219
  214.625259  0.00942011736  0.00671806326
  215.83876  0.00934303086  0.00659528095
  217.059113  0.00926649012  0.00647474173
  218.286362  0.00918868557  0.00635640556
  219.520569  0.00910939835  0.00624022912
  220.761734  0.00903073512  0.00612618076
  222.009933  0.00894926209  0.00601617293
  223.265198  0.00886638835  0.00590933347
  224.527527  0.00878424942  0.00580439577
  225.797012  0.00870299619  0.0057072104
  227.073669  0.00862250663  0.00561336381
  228.357559  0.00854272675  0.0055210595
  229.648697  0.00846759975  0.00543027231
  230.947144  0.0083933929  0.00534097804
  232.252914  0.00831981003  0.00525315246
  233.566071  0.00824709237  0.00516677136
  234.886658  0.00817495864  0.00508181052
  236.214706  0.00810348056  0.00499824667
  237.550278  0.00803281646  0.00491605466
  238.893402  0.00796271954  0.0048352154
  240.24411  0.00789325126  0.00475570699
  241.602463  0.00782444142  0.00467750942
  242.968475  0.00775618292  0.00460059755
  244.342224  0.00768858008  0.00452494901
  245.72374  0.00762160728  0.00445054332
  247.113068  0.00755517092  0.00437736092
  248.510254  0.00748944841  0.00430537714
  249.915329  0.00742432801  0.00423457706
  251.328369  0.00735972682  0.00416493928
  252.749374  0.00729598757  0.00409645401
  254.178436  0.00723281037  0.00402909564
  255.615555  0.00717013888  0.00396284601
  257.060822  0.00710864598  0.0038976795
  258.514252  0.00704763085  0.00383358542
  259.975891  0.0069874716  0.00377054606
  261.445801  0.0069297459  0.00370854628
  262.924011  0.00687243743  0.00364756584
  264.410583  0.0068163895  0.00358689181
  265.905548  0.00676255999  0.00352573511
  267.408997  0.00670907833  0.00346562034
  268.920929  0.0066552572  0.00340230134
  270.441437  0.00660102349  0.00333544123
  271.97049  0.00654716976  0.00326989871
  273.50824  0.00649055932  0.00320563698
  275.054657  0.00643252069  0.00314263999
  276.609833  0.00637496589  0.00308088074
  278.173767  0.00631619059  0.00302034174
  279.746582  0.00625744974  0.00296099018
  281.328278  0.00619923277  0.00290280534
  282.918915  0.00614012685  0.002845763
  284.518555  0.00608146377  0.00278984103
  286.127228  0.0060232426  0.00273501826
  287.744995  0.00596448127  0.00268127187
  289.371887  0.00590628153  0.0026285816
  291.008026  0.00584840449  0.00257692626
  292.653381  0.00579035981  0.00252628559
  294.308044  0.00573288137  0.00247663935
  295.972076  0.00567564694  0.00242797052
  297.645508  0.00561849633  0.0023802598
  299.3284  0.00556191336  0.00233348692
  301.020813  0.00550550595  0.00228763046
  302.722809  0.0054493472  0.00224267342
  304.434387  0.00539375748  0.00219860021
  306.15567  0.00533828931  0.00215539592
  307.886688  0.00528320298  0.0021130417
  309.627472  0.00522868149  0.00207152148
  311.378113  0.00517426757  0.0020308136
  313.138641  0.00512034213  0.0019909062
  314.909149  0.0050669699  0.00195178238
  316.689667  0.00501367589  0.00191342703
  318.480225  0.00496093975  0.00187582581
  320.280945  0.00490868045  0.00183896255
  322.091797  0.0048565953  0.00180282409
  323.912903  0.0048050601  0.00176739541
  325.744324  0.00475393794  0.00173266372
  327.58609  0.00470308028  0.00169861724
  329.438263  0.00465276558  0.00166523969
  331.300903  0.00460281223  0.00163251651
  333.174103  0.00455319928  0.00160043407
  335.057861  0.00450412091  0.00156898261
  336.952271  0.0044553373  0.00153814885
  338.857452  0.00440694252  0.00150792021
  340.773346  0.0043590744  0.00147828623
  342.700073  0.00431142375  0.00144923863
  344.637695  0.00426421082  0.00142076123
  346.586304  0.0042175143  0.00139284343
  348.545929  0.00417093467  0.0013654728
  350.516602  0.00412484352  0.00133864023
  352.498413  0.004079198  0.00131233502
  354.491486  0.00403341092  0.00128654472
  356.495758  0.0039881398  0.00126126199
  358.511414  0.0039432561  0.0012368008
  360.538422  0.0038985135  0.0012137983
  362.576935  0.00385427801  0.00119122351
  364.626923  0.00381079479  0.00116922625
  366.688568  0.00376817258  0.00114786823
  368.76181  0.0037260286  0.00112690101
  370.846802  0.0036845312  0.00110631681
  372.943573  0.00364363682  0.00108610874
  375.052216  0.00360319624  0.00106626982
  377.17276  0.00356326951  0.00104679377
  379.305298  0.0035238124  0.00102767395
  381.44989  0.00348479184  0.00100890372
  383.606628  0.00344625441  0.000990474015
  385.775543  0.00340815168  0.000972380803
  387.956757  0.0033704699  0.000954617222
  390.150269  0.00333323306  0.000937182165
  392.356171  0.0032964081  0.000920064922
  394.574554  0.00325999293  0.000903260196
  396.805481  0.00322399521  0.000886761234
  399.049042  0.00318839471  0.000870563672
  401.305267  0.0031531963  0.000854662037
  403.57428  0.00311840419  0.000839050917
  405.856079  0.00308399624  0.000823725015
  408.150787  0.00304998062  0.000808678626
  410.458496  0.00301635312  0.000793906453
  412.779236  0.00298309629  0.00077940413
  415.113098  0.00295023294  0.00076516741
  417.460144  0.00291774725  0.000751191168
  419.820465  0.00288561895  0.000737470167
  422.194153  0.00285389554  0.000723999925
  424.581238  0.00282253465  0.000710775901
  426.981842  0.00279151835  0.000697793381
  429.395996  0.00276102149  0.000685047475
  431.823792  0.00273086876  0.000672533934
  434.26535  0.00270105829  0.000660197809
  436.720703  0.00267169764  0.000647611567
  439.189941  0.00264265551  0.000635265256
  441.673126  0.00261384505  0.000623098575
  444.170349  0.00258509861  0.000611000403
  446.681702  0.0025566679  0.000599137042
  449.207245  0.00252845371  0.000587509072
  451.74707  0.00250040996  0.000576113991
  454.30127  0.0024726775  0.000564939808
  456.869873  0.00244519394  0.000553981285
  459.453064  0.00241796928  0.000543234521
  462.050812  0.00239104871  0.000532696315
  464.663269  0.00236437446  0.00052236038
  467.290466  0.00233797682  0.000512224389
  469.932556  0.00231187348  0.000502284965
  472.589539  0.00228599971  0.000492540363
  475.261566  0.0022604058  0.000482985371
  477.9487  0.00223509828  0.000473615422
  480.651062  0.00221004873  0.00046442484
  483.368683  0.0021852802  0.000455412664
  486.101654  0.00216078409  0.000446573278
  488.850067  0.00213653734  0.000437895971
  491.614044  0.0021125623  0.000429387204
  494.393646  0.00208885665  0.000421026052
  497.188965  0.00206541666  0.000412792317
  500.000031  0.00204224046  0.000404719758
