 N1.562O.42C.0003Ar.0094 Density=0.1275E-02
 Energy(eV), Delta, Beta
  30.  0.000115846356  0.000180633695
  30.1696186  0.000115750809  0.000177892289
  30.3402004  0.000115611569  0.000175187568
  30.5117435  0.000115429277  0.000172519271
  30.6842594  0.000115236588  0.000169893261
  30.8577499  0.000114993542  0.000167308812
  31.032217  0.000114719995  0.00016476537
  31.207674  0.000114438131  0.000162262193
  31.3841228  0.000114107432  0.00015979883
  31.5615711  0.000113759976  0.00015737451
  31.7400208  0.000113405986  0.000154988622
  31.9194775  0.000112983624  0.000152640292
  32.0999527  0.000112553862  0.000150329026
  32.2814484  0.000112114059  0.000148058607
  32.4639664  0.00011162772  0.000145857324
  32.6475182  0.000111138223  0.000143690078
  32.8321075  0.000110645306  0.000141567885
  33.0177422  0.000110148467  0.000139509357
  33.2044258  0.000109648856  0.000137481999
  33.3921661  0.000109146888  0.000135483657
  33.5809631  0.000108642824  0.000133513429
  33.7708321  0.000108136293  0.000131573091
  33.9617729  0.00010762125  0.000129662207
  34.1537933  0.00010709963  0.000127780324
  34.3468971  0.000106576146  0.000125926992
  34.5410995  0.000106044434  0.000124101716
  34.736393  0.000105508836  0.000122304162
  34.9327927  0.000104971943  0.000120533805
  35.1303024  0.000104430255  0.000118790289
  35.3289299  0.00010388704  0.000117073127
  35.5286827  0.000103343191  0.000115381896
  35.7295647  0.000102806385  0.00011371544
  35.9315758  0.000102268634  0.000112074231
  36.1347351  0.000101725251  0.000110437672
  36.3390427  0.000101161444  0.000108743247
  36.5445023  0.000100597506  0.000107076368
  36.7511292  9.99349431E-05  0.000105429019
  36.9589195  9.90908666E-05  0.000103794555
  37.1678848  9.8253171E-05  0.000102186656
  37.3780365  9.76665033E-05  0.000101749902
  37.5893707  9.73915958E-05  0.00010031338
  37.8019028  9.71420886E-05  9.87599997E-05
  38.0156364  9.6731419E-05  9.72236812E-05
  38.2305756  9.62373015E-05  9.57090233E-05
  38.4467316  9.57421144E-05  9.42198822E-05
  38.6641121  9.51892434E-05  9.27522124E-05
  38.8827171  9.46235159E-05  9.13087642E-05
  39.102562  9.40584796E-05  8.9889807E-05
  39.3236465  9.34601048E-05  8.84947658E-05
  39.5459862  9.28620066E-05  8.71231168E-05
  39.769577  9.22628678E-05  8.57744017E-05
  39.9944382  9.16453355E-05  8.44481547E-05
  40.2205696  9.10300514E-05  8.31438156E-05
  40.4479713  9.04124099E-05  8.18609624E-05
  40.6766701  8.97847858E-05  8.05990203E-05
  40.9066544  8.91598975E-05  7.93576692E-05
  41.1379395  8.85321133E-05  7.81365088E-05
  41.3705368  8.78996725E-05  7.69350518E-05
  41.6044502  8.72702658E-05  7.57529997E-05
  41.8396797  8.66374976E-05  7.45899888E-05
  42.0762405  8.60033033E-05  7.34456335E-05
  42.3141441  8.53724487E-05  7.23195262E-05
  42.5533867  8.47389238E-05  7.12123801E-05
  42.7939835  8.41067158E-05  7.01229947E-05
  43.0359421  8.34780367E-05  6.90507222E-05
  43.2792702  8.28471457E-05  6.79952282E-05
  43.5239716  8.2219216E-05  6.69562869E-05
  43.7700577  8.15946842E-05  6.5933622E-05
  44.0175323  8.09685371E-05  6.49275098E-05
  44.266407  8.03461371E-05  6.39370555E-05
  44.5166893  7.97269458E-05  6.29622737E-05
  44.7683907  7.91090861E-05  6.20037463E-05
  45.0215111  7.8495068E-05  6.10599527E-05
  45.276062  7.78880058E-05  6.01306929E-05
  45.5320587  7.72904023E-05  5.92157048E-05
  45.7894974  7.66963931E-05  5.8314803E-05
  46.0483894  7.61059346E-05  5.74170954E-05
  46.3087502  7.5518954E-05  5.65230439E-05
  46.5705795  7.49355895E-05  5.56430605E-05
  46.833889  7.43441051E-05  5.47694981E-05
  47.0986938  7.37505034E-05  5.39059802E-05
  47.3649902  7.3160867E-05  5.30562538E-05
  47.6327934  7.25684222E-05  5.22200426E-05
  47.9021072  7.19785385E-05  5.13971681E-05
  48.1729469  7.13927584E-05  5.05873941E-05
  48.4453201  7.08126681E-05  4.97804285E-05
  48.7192307  7.02366669E-05  4.8986105E-05
  48.9946899  6.96621719E-05  4.82016876E-05
  49.2717056  6.90739107E-05  4.74097615E-05
  49.5502892  6.84900733E-05  4.6630852E-05
  49.8304482  6.79038712E-05  4.58647701E-05
  50.1121902  6.73046816E-05  4.51113083E-05
  50.3955231  6.67104105E-05  4.43702338E-05
  50.6804619  6.61123195E-05  4.36415357E-05
  50.9670105  6.55079275E-05  4.29250795E-05
  51.2551804  6.49087742E-05  4.22204066E-05
  51.5449753  6.42985106E-05  4.15273098E-05
  51.8364143  6.36823097E-05  4.08455962E-05
  52.1294975  6.30718423E-05  4.01751022E-05
  52.4242401  6.24123495E-05  3.9515664E-05
  52.7206459  6.17406331E-05  3.88670996E-05
  53.0187302  6.10761199E-05  3.8229191E-05
  53.3185005  6.04912602E-05  3.7804748E-05
  53.6199646  5.9920385E-05  3.74094307E-05
  53.9231339  5.9360591E-05  3.70105736E-05
  54.2280159  5.89226438E-05  3.64562729E-05
  54.5346184  5.84870613E-05  3.59102924E-05
  54.8429642  5.80376582E-05  3.53685209E-05
  55.1530457  5.75278391E-05  3.48194844E-05
  55.4648819  5.70221382E-05  3.4278979E-05
  55.7784805  5.65196351E-05  3.37468664E-05
  56.093853  5.60195949E-05  3.32230084E-05
  56.4110107  5.55236584E-05  3.27072958E-05
  56.7299576  5.50294026E-05  3.2199594E-05
  57.0507126  5.45369403E-05  3.16997684E-05
  57.3732758  5.40486108E-05  3.12077209E-05
  57.6976662  5.35629515E-05  3.07233095E-05
  58.0238914  5.30806792E-05  3.02464305E-05
  58.3519592  5.26024924E-05  2.97769711E-05
  58.6818848  5.212834E-05  2.93124886E-05
  59.0136681  5.16582186E-05  2.88547799E-05
  59.3473358  5.11920625E-05  2.84042253E-05
  59.682888  5.07272198E-05  2.79563046E-05
  60.0203362  5.0266277E-05  2.75153507E-05
  60.3596878  4.98089175E-05  2.70810924E-05
  60.7009659  4.93529078E-05  2.66517218E-05
  61.0441742  4.89008635E-05  2.62291796E-05
  61.3893127  4.84516386E-05  2.58119344E-05
  61.736412  4.80034869E-05  2.53977341E-05
  62.0854721  4.75593006E-05  2.49902077E-05
  62.4365044  4.71163548E-05  2.45892352E-05
  62.7895203  4.66739257E-05  2.41947037E-05
  63.1445351  4.6235491E-05  2.38065259E-05
  63.5015564  4.57992901E-05  2.34245472E-05
  63.8605919  4.53658831E-05  2.30486967E-05
  64.2216644  4.49364234E-05  2.26788961E-05
  64.5847778  4.45089827E-05  2.23149873E-05
  64.9499435  4.40848198E-05  2.1956912E-05
  65.3171692  4.36645823E-05  2.16046046E-05
  65.68647  4.32463712E-05  2.12579162E-05
  66.057869  4.28318199E-05  2.09167956E-05
  66.4313583  4.2421063E-05  2.05811684E-05
  66.8069611  4.20126016E-05  2.02509382E-05
  67.1846848  4.16079638E-05  1.99260321E-05
  67.5645523  4.12069494E-05  1.96063356E-05
  67.9465637  4.08090818E-05  1.92917723E-05
  68.3307343  4.04149541E-05  1.89822676E-05
  68.7170792  4.00242934E-05  1.86769721E-05
  69.1056061  3.96368778E-05  1.83752491E-05
  69.4963303  3.92531183E-05  1.80784191E-05
  69.8892593  3.88721019E-05  1.77860184E-05
  70.2844162  3.84938503E-05  1.74980069E-05
  70.6818085  3.81191894E-05  1.72146756E-05
  71.0814514  3.77469842E-05  1.69342566E-05
  71.483345  3.73778021E-05  1.66576046E-05
  71.8875122  3.70121525E-05  1.63854875E-05
  72.2939682  3.66476161E-05  1.61172975E-05
  72.702713  3.62861028E-05  1.58534021E-05
  73.1137772  3.59280821E-05  1.55938378E-05
  73.5271683  3.55714401E-05  1.53385408E-05
  73.9428864  3.52182324E-05  1.50874466E-05
  74.3609619  3.48682806E-05  1.4840467E-05
  74.7814026  3.45204389E-05  1.45975155E-05
  75.2042236  3.41760206E-05  1.43585494E-05
  75.629425  3.38346581E-05  1.41235341E-05
  76.0570374  3.34958204E-05  1.38923861E-05
  76.4870682  3.31603333E-05  1.36650315E-05
  76.9195251  3.28278438E-05  1.34414113E-05
  77.3544312  3.24982466E-05  1.32214609E-05
  77.7917938  3.21719162E-05  1.30051239E-05
  78.2316284  3.18483872E-05  1.27916855E-05
  78.6739502  3.15277684E-05  1.25813222E-05
  79.118782  3.12103257E-05  1.23744358E-05
  79.5661163  3.08953204E-05  1.21708763E-05
  80.0159836  3.05832109E-05  1.19706483E-05
  80.4683914  3.02742246E-05  1.17737272E-05
  80.9233704  2.9967674E-05  1.15788271E-05
  81.3809128  2.96641338E-05  1.13870365E-05
  81.8410339  2.93635458E-05  1.11983964E-05
  82.303772  2.90644184E-05  1.10121773E-05
  82.7691116  2.87683179E-05  1.08290769E-05
  83.2370911  2.84748785E-05  1.06490252E-05
  83.7077179  2.81832072E-05  1.04719784E-05
  84.1809998  2.78945063E-05  1.02978893E-05
  84.6569672  2.76083847E-05  1.01267015E-05
  85.1356201  2.7324586E-05  9.95836854E-06
  85.6169739  2.70436885E-05  9.79284778E-06
  86.101059  2.67652849E-05  9.6300837E-06
  86.5878754  2.64893988E-05  9.47003628E-06
  87.077446  2.62163339E-05  9.31265913E-06
  87.5697861  2.59456647E-05  9.15781493E-06
  88.0649033  2.56775766E-05  9.00551095E-06
  88.5628204  2.54122442E-05  8.85575082E-06
  89.0635605  2.51492347E-05  8.70835447E-06
  89.5671234  2.48888464E-05  8.56339375E-06
  90.0735397  2.46311374E-05  8.42085683E-06
  90.5828171  2.4375684E-05  8.28049178E-06
  91.0949783  2.41228536E-05  8.14247232E-06
  91.6100235  2.3872557E-05  8.00671751E-06
  92.1279907  2.36243905E-05  7.87291083E-06
  92.6488876  2.33787832E-05  7.74134605E-06
  93.1727219  2.31356116E-05  7.61200135E-06
  93.6995316  2.28946847E-05  7.48481898E-06
  94.2293091  2.26562533E-05  7.3597821E-06
  94.7620773  2.24202995E-05  7.23684889E-06
  95.2978668  2.21867886E-05  7.11599068E-06
  95.8366852  2.19556914E-05  6.99715974E-06
  96.3785477  2.17273046E-05  6.88028967E-06
  96.9234772  2.15014788E-05  6.76535774E-06
  97.4714813  2.12779923E-05  6.6523553E-06
  98.0225906  2.10586986E-05  6.54013138E-06
  98.5768127  2.08422553E-05  6.42944678E-06
  99.1341629  2.0628022E-05  6.3206403E-06
  99.6946716  2.04140833E-05  6.20948504E-06
  100.258347  2.02021583E-05  6.09986864E-06
  100.825211  1.99922433E-05  5.99213081E-06
  101.395279  1.97818445E-05  5.88543617E-06
  101.968567  1.95736538E-05  5.78064373E-06
  102.545097  1.93672386E-05  5.67777079E-06
  103.124893  1.91615472E-05  5.57691783E-06
  103.707962  1.89580314E-05  5.47786203E-06
  104.294327  1.87562782E-05  5.3805511E-06
  104.884018  1.8556002E-05  5.28495048E-06
  105.477036  1.83578613E-05  5.19104969E-06
  106.073395  1.81613304E-05  5.09882602E-06
  106.673141  1.79664403E-05  5.00824717E-06
  107.276276  1.77736401E-05  4.91927904E-06
  107.88282  1.75823679E-05  4.83187387E-06
  108.49279  1.73929002E-05  4.74601666E-06
  109.106209  1.72054715E-05  4.66168513E-06
  109.723099  1.70194944E-05  4.57886154E-06
  110.343475  1.6835409E-05  4.49751315E-06
  110.967354  1.66533173E-05  4.41761131E-06
  111.594772  1.64726152E-05  4.33913783E-06
  112.225731  1.62938668E-05  4.26206043E-06
  112.860252  1.61169828E-05  4.18635227E-06
  113.498367  1.59415667E-05  4.11198198E-06
  114.140099  1.57680533E-05  4.03893273E-06
  114.785446  1.55962935E-05  3.9671927E-06
  115.434441  1.54260742E-05  3.89675188E-06
  116.087112  1.52577068E-05  3.82756025E-06
  116.743469  1.50910182E-05  3.75959303E-06
  117.403542  1.49259404E-05  3.6928277E-06
  118.067345  1.47626697E-05  3.62724927E-06
  118.734901  1.46009706E-05  3.56278656E-06
  119.406227  1.44409032E-05  3.49943957E-06
  120.081352  1.42825857E-05  3.43721854E-06
  120.7603  1.41257133E-05  3.37608094E-06
  121.443069  1.39704789E-05  3.31602541E-06
  122.129715  1.38169462E-05  3.25703786E-06
  122.820236  1.36647895E-05  3.19909054E-06
  123.514664  1.35142818E-05  3.14217368E-06
  124.213028  1.33654066E-05  3.08627045E-06
  124.915321  1.3217923E-05  3.03138472E-06
  125.621613  1.30720573E-05  2.97747397E-06
  126.331871  1.29277723E-05  2.92452091E-06
  127.046158  1.27849562E-05  2.8725035E-06
  127.764473  1.26437162E-05  2.82141127E-06
  128.486847  1.25039978E-05  2.77119784E-06
  129.213318  1.23657546E-05  2.72182365E-06
  129.943893  1.22290376E-05  2.67332939E-06
  130.678604  1.20936611E-05  2.6254063E-06
  131.417465  1.1959628E-05  2.57808756E-06
  132.160507  1.18270827E-05  2.53162193E-06
  132.907745  1.16955489E-05  2.48598349E-06
  133.65921  1.15652683E-05  2.44116336E-06
  134.414917  1.14364402E-05  2.39715177E-06
  135.174911  1.13088126E-05  2.35421476E-06
  135.939194  1.11825657E-05  2.31210129E-06
  136.707794  1.10577284E-05  2.27074156E-06
  137.480743  1.09341572E-05  2.23013762E-06
  138.258057  1.08119657E-05  2.19025992E-06
  139.039764  1.06911184E-05  2.15109958E-06
  139.825897  1.0571498E-05  2.11265706E-06
  140.616486  1.04532155E-05  2.07490257E-06
  141.41153  1.03362154E-05  2.03782452E-06
  142.211075  1.02204231E-05  2.00141244E-06
  143.015137  1.01059295E-05  1.96565202E-06
  143.823746  9.9926574E-06  1.93052574E-06
  144.636932  9.88057946E-06  1.8960194E-06
  145.454712  9.76975934E-06  1.86213003E-06
  146.27713  9.6601043E-06  1.82885128E-06
  147.104172  9.5516325E-06  1.79617405E-06
  147.935898  9.44437852E-06  1.76408003E-06
  148.772339  9.33825868E-06  1.7325616E-06
  149.613495  9.2333139E-06  1.70160831E-06
  150.459412  9.12954783E-06  1.67120857E-06
  151.31012  9.02687771E-06  1.64134246E-06
  152.165619  8.92535809E-06  1.61200978E-06
  153.02597  8.82497625E-06  1.58320233E-06
  153.89119  8.72568853E-06  1.55491841E-06
  154.761292  8.6275204E-06  1.52714017E-06
  155.636322  8.53045913E-06  1.49985738E-06
  156.516281  8.43450744E-06  1.47305889E-06
  157.401245  8.33963259E-06  1.44673879E-06
  158.291183  8.24594281E-06  1.42084002E-06
  159.186157  8.15348812E-06  1.39532528E-06
  160.086212  8.06206936E-06  1.370267E-06
  160.991333  7.97170469E-06  1.34535219E-06
  161.901581  7.88237685E-06  1.32062564E-06
  162.816986  7.79404854E-06  1.29635475E-06
  163.737549  7.70634415E-06  1.27209739E-06
  164.66333  7.61946285E-06  1.24810322E-06
  165.59433  7.53356062E-06  1.22456379E-06
  166.530609  7.44822501E-06  1.2014641E-06
  167.472183  7.3637807E-06  1.17880109E-06
  168.419067  7.28029545E-06  1.15656769E-06
  169.371307  7.1974855E-06  1.13475767E-06
  170.328949  7.11561415E-06  1.11336044E-06
  171.291992  7.03465003E-06  1.09236896E-06
  172.260468  6.95445624E-06  1.07177675E-06
  173.234436  6.87517513E-06  1.05157403E-06
  174.213913  6.79676577E-06  1.03174966E-06
  175.198914  6.71917451E-06  1.01229148E-06
  176.189499  6.64246954E-06  9.93201752E-07
  177.185684  6.56665361E-06  9.74471732E-07
  178.187485  6.49171761E-06  9.56095278E-07
  179.194962  6.417637E-06  9.38066137E-07
  180.208145  6.34463822E-06  9.20131583E-07
  181.227036  6.27261943E-06  9.023899E-07
  182.251694  6.20141736E-06  8.84990129E-07
  183.28215  6.13045813E-06  8.67261974E-07
  184.318436  6.06014146E-06  8.49692412E-07
  185.36058  5.99063105E-06  8.32479543E-07
  186.4086  5.92139031E-06  8.15619273E-07
  187.46257  5.85290491E-06  7.99101258E-07
  188.522491  5.78518257E-06  7.82918278E-07
  189.588394  5.71790588E-06  7.67060101E-07
  190.660324  5.6514109E-06  7.51523771E-07
  191.738327  5.58561624E-06  7.36299E-07
  192.822418  5.52035726E-06  7.21371009E-07
  193.912643  5.45585863E-06  7.06746164E-07
  195.009033  5.39200346E-06  6.9241645E-07
  196.111618  5.32872309E-06  6.78374761E-07
  197.220444  5.26618305E-06  6.64618426E-07
  198.335526  5.20424192E-06  6.51141647E-07
  199.456909  5.1429156E-06  6.37939138E-07
  200.584656  5.08230778E-06  6.25004191E-07
  201.718765  5.0222493E-06  6.12332258E-07
  202.859283  4.96282701E-06  5.99917655E-07
  204.006256  4.90410548E-06  5.8775521E-07
  205.159714  4.84588918E-06  5.75840602E-07
  206.319702  4.78832635E-06  5.6416809E-07
  207.486221  4.73144655E-06  5.52732672E-07
  208.659348  4.67501923E-06  5.41527356E-07
  209.839127  4.61926265E-06  5.30549528E-07
  211.025558  4.56413454E-06  5.19795321E-07
  212.218689  4.50947891E-06  5.09263145E-07
  213.418594  4.45547266E-06  4.9894453E-07
  214.625259  4.40204303E-06  4.88836463E-07
  215.83876  4.34910089E-06  4.7893576E-07
  217.059113  4.29679085E-06  4.69235943E-07
  218.286362  4.24502196E-06  4.59728767E-07
  219.520569  4.19377284E-06  4.50409686E-07
  220.761734  4.14314172E-06  4.41280321E-07
  222.009933  4.0929458E-06  4.32260748E-07
  223.265198  4.04325192E-06  4.23380868E-07
  224.527527  3.99415876E-06  4.14684166E-07
  225.797012  3.94535618E-06  4.06165384E-07
  227.073669  3.89705838E-06  3.97821736E-07
  228.357559  3.84934674E-06  3.89649585E-07
  229.648697  3.80185429E-06  3.81645663E-07
  230.947144  3.75491527E-06  3.73806415E-07
  232.252914  3.70851035E-06  3.66128347E-07
  233.566071  3.66222002E-06  3.58607508E-07
  234.886658  3.61650223E-06  3.51241283E-07
  236.214706  3.57114936E-06  3.44037943E-07
  237.550278  3.52571851E-06  3.37018406E-07
  238.893402  3.48085723E-06  3.30142115E-07
  240.24411  3.43605939E-06  3.23477536E-07
  241.602463  3.391056E-06  3.17057129E-07
  242.968475  3.34662946E-06  3.10764221E-07
  244.342224  3.29956606E-06  3.04595943E-07
  245.72374  3.25047108E-06  2.98549963E-07
  247.113068  3.20206277E-06  2.92624094E-07
  248.510254  3.12918564E-06  3.32795253E-07
  249.915329  3.11422764E-06  3.26132096E-07
  251.328369  3.09921325E-06  3.19602151E-07
  252.749374  3.0680751E-06  3.13203969E-07
  254.178436  3.03448678E-06  3.06934083E-07
  255.615555  3.00125407E-06  3.0078985E-07
  257.060822  2.96631652E-06  2.94768057E-07
  258.514252  2.93178505E-06  2.88866886E-07
  259.975891  2.89751188E-06  2.83085456E-07
  261.445801  2.86289855E-06  2.7742766E-07
  262.924011  2.82869723E-06  2.71883039E-07
  264.410583  2.79473329E-06  2.66468305E-07
  265.905548  2.76080891E-06  2.61202302E-07
  267.408997  2.72729403E-06  2.56040238E-07
  268.920929  2.69400493E-06  2.50980293E-07
  270.441437  2.66091934E-06  2.4602025E-07
  271.97049  2.62823778E-06  2.41158546E-07
  273.50824  2.59575381E-06  2.36388189E-07
  275.054657  2.56354929E-06  2.31709947E-07
  276.609833  2.53174039E-06  2.27124261E-07
  278.173767  2.50006087E-06  2.22585967E-07
  279.746582  2.46869831E-06  2.18125919E-07
  281.328278  2.43772502E-06  2.13755314E-07
  282.918915  2.40667623E-06  2.09468368E-07
  284.518555  2.3760615E-06  2.05540573E-07
  286.127228  2.34611707E-06  2.01418729E-07
  287.744995  2.31607078E-06  1.97378967E-07
  289.371887  2.28640306E-06  1.93420277E-07
  291.008026  2.25700137E-06  1.89542519E-07
  292.653381  2.22763356E-06  1.85747368E-07
  294.308044  2.19864023E-06  1.82028231E-07
  295.972076  2.16989724E-06  1.7848366E-07
  297.645508  2.14134184E-06  1.75160395E-07
  299.3284  2.11315387E-06  1.71900908E-07
  301.020813  2.08525216E-06  1.68703806E-07
  302.722809  2.05764809E-06  1.65567897E-07
  304.434387  2.03040122E-06  1.62492128E-07
  306.15567  2.00333466E-06  1.59475505E-07
  307.886688  1.97654867E-06  1.56516748E-07
  309.627472  1.95011171E-06  1.53614721E-07
  311.378113  1.92377865E-06  1.5061741E-07
  313.138641  1.89775142E-06  1.47656237E-07
  314.909149  1.87206035E-06  1.44754452E-07
  316.689667  1.84622706E-06  1.41801593E-07
  318.480225  1.82073779E-06  1.38911929E-07
  320.280945  1.79550022E-06  1.36084026E-07
  322.091797  1.77016466E-06  1.33316306E-07
  323.912903  1.7451714E-06  1.3060766E-07
  325.744324  1.72035288E-06  1.27956994E-07
  327.58609  1.69552879E-06  1.25363186E-07
  329.438263  1.6710452E-06  1.22824687E-07
  331.300903  1.64664243E-06  1.20340175E-07
  333.174103  1.62229526E-06  1.17908399E-07
  335.057861  1.59828755E-06  1.15528394E-07
  336.952271  1.57424063E-06  1.13183553E-07
  338.857452  1.55031228E-06  1.1087949E-07
  340.773346  1.52672328E-06  1.08624398E-07
  342.700073  1.50287849E-06  1.06289988E-07
  344.637695  1.47921367E-06  1.03971566E-07
  346.586304  1.45589047E-06  1.0170406E-07
  348.545929  1.43201294E-06  9.94863143E-08
  350.516602  1.40842747E-06  9.7317276E-08
  352.498413  1.3850929E-06  9.51962278E-08
  354.491486  1.36111942E-06  9.31247826E-08
  356.495758  1.33751041E-06  9.10987907E-08
  358.511414  1.3139429E-06  8.91252938E-08
  360.538422  1.2897716E-06  8.72194548E-08
  362.576935  1.26597683E-06  8.53548343E-08
  364.626923  1.24191854E-06  8.35340614E-08
  366.688568  1.21729295E-06  8.17577188E-08
  368.76181  1.19306435E-06  8.00195963E-08
  370.846802  1.16806825E-06  7.83189265E-08
  372.943573  1.14255863E-06  7.66548709E-08
  375.052216  1.1174742E-06  7.50265627E-08
  377.17276  1.09076916E-06  7.34331138E-08
  379.305298  1.06368793E-06  7.1873842E-08
  381.44989  1.03707771E-06  7.03481007E-08
  383.606628  1.00724947E-06  6.88520956E-08
  385.775543  9.77374157E-07  6.73877949E-08
  387.956757  9.47926139E-07  6.59548363E-08
  390.150269  9.12032249E-07  6.45493472E-08
  392.356171  8.768219E-07  6.31740775E-08
  394.574554  8.39790459E-07  6.18282954E-08
  396.805481  7.91406762E-07  6.05110273E-08
  399.049042  7.44002648E-07  5.92221099E-08
  401.305267  6.80686867E-07  5.79608432E-08
  403.57428  5.83870303E-07  5.67265168E-08
  405.856079  4.89139438E-07  5.55187398E-08
  408.150787  1.46185201E-07  5.43367236E-08
  410.458496 -1.85271247E-07  7.35546962E-07
  412.779236  3.20597593E-07  7.21907668E-07
  415.113098  5.50901859E-07  7.08521554E-07
  417.460144  6.24318034E-07  6.9538379E-07
  419.820465  6.96018503E-07  6.82489429E-07
  422.194153  7.3530822E-07  6.69833923E-07
  424.581238  7.65388563E-07  6.57413068E-07
  426.981842  7.94701975E-07  6.45222428E-07
  429.395996  8.1176006E-07  6.3326604E-07
  431.823792  8.27624604E-07  6.21531342E-07
  434.26535  8.42448173E-07  6.10014581E-07
  436.720703  8.51362415E-07  5.98716042E-07
  439.189941  8.59970783E-07  5.8762663E-07
  441.673126  8.67363383E-07  5.76742821E-07
  444.170349  8.71760335E-07  5.6606109E-07
  446.681702  8.75949411E-07  5.5557723E-07
  449.207245  8.78941364E-07  5.45287492E-07
  451.74707  8.8030464E-07  5.35187951E-07
  454.30127  8.8152683E-07  5.25275595E-07
  456.869873  8.81615961E-07  5.15547299E-07
  459.453064  8.80812308E-07  5.05999424E-07
  462.050812  8.79916115E-07  4.96628729E-07
  464.663269  8.77953937E-07  4.87430896E-07
  467.290466  8.75534624E-07  4.78403422E-07
  469.932556  8.73059093E-07  4.6954321E-07
  472.589539  8.69564587E-07  4.60847843E-07
  475.261566  8.65890797E-07  4.5231377E-07
  477.9487  8.62170907E-07  4.43937665E-07
  480.651062  8.57491557E-07  4.35715606E-07
  483.368683  8.52808796E-07  4.2764583E-07
  486.101654  8.47969602E-07  4.19725723E-07
  488.850067  8.42414579E-07  4.11953039E-07
  491.614044  8.36877405E-07  4.04324226E-07
  494.393646  8.31075283E-07  3.96836555E-07
  497.188965  8.24726271E-07  3.89487155E-07
  500.000031  8.18415515E-07  3.82274123E-07
